# 4x4 Sudoku
1 0 0 4
0 4 1 0
2 1 0 0
0 0 2 1

# 9x9 Sudoku
5 3 0 0 7 0 0 0 0
6 0 0 1 9 5 0 0 0
0 9 8 0 0 0 0 6 0
8 0 0 0 6 0 0 0 3
4 0 0 8 0 3 0 0 1
7 0 0 0 2 0 0 0 6
0 6 0 0 0 0 2 8 0
0 0 0 4 1 9 0 0 5
0 0 0 0 8 0 0 7 9

# Second 9x9 Sudoku (another example)
0 0 0 2 6 0 7 0 1
6 8 0 0 7 0 0 9 0
1 9 0 0 0 4 5 0 0
8 2 0 1 0 0 0 6 0
0 0 4 6 0 2 9 0 0
0 5 0 0 0 3 0 7 8
0 0 9 3 0 0 0 8 0
0 7 0 0 0 0 0 4 9
4 0 3 0 5 8 0 0 0

# 16x16 Sudoku 
1 0 3 0 5 0 7 0 9 0 11 0 13 0 15 0
0 6 0 8 0 10 0 12 0 14 0 16 0 2 0 4
9 0 11 0 13 0 15 0 1 0 3 0 5 0 7 0
0 14 0 16 0 2 0 4 0 6 0 8 0 10 0 12
2 0 4 0 6 0 8 0 10 0 12 0 14 0 16 0
0 7 0 9 0 11 0 13 0 15 0 1 0 3 0 5
10 0 12 0 14 0 16 0 2 0 4 0 6 0 8 0
0 15 0 1 0 3 0 5 0 7 0 9 0 11 0 13
3 0 5 0 7 0 9 0 11 0 13 0 15 0 1 0
0 8 0 10 0 12 0 14 0 16 0 2 0 4 0 6
11 0 13 0 15 0 1 0 3 0 5 0 7 0 9 0
0 16 0 2 0 4 0 6 0 8 0 10 0 12 0 14
4 0 6 0 8 0 10 0 12 0 14 0 16 0 2 0
0 9 0 11 0 13 0 15 0 1 0 3 0 5 0 7
12 0 14 0 16 0 2 0 4 0 6 0 8 0 10 0
0 1 0 3 0 5 0 7 0 9 0 11 0 13 0 15